spmv_1d_n5000_ms=0.008750
cg_1d_n1000_ms=3.757592
spmv_1d_n5000_p50_ms=0.008580
spmv_1d_n5000_p95_ms=0.010154
cg_1d_n1000_p50_ms=3.508161
cg_1d_n1000_p95_ms=4.707708
