spmv_1d_n5000_ms=0.010006
cg_1d_n1000_ms=3.835125
spmv_1d_n5000_p50_ms=0.009938
spmv_1d_n5000_p95_ms=0.010271
cg_1d_n1000_p50_ms=3.835599
cg_1d_n1000_p95_ms=3.897260
